      -5.9    -3.1723          1
         5    -0.1372          0
         3     8.5673          1
       1.1    -5.2114          0
      -2.2     4.6919          1
       2.8     5.8909          1
      -7.7    -2.3416          1
       7.1     10.021          1
       6.2     9.3407          1
      -4.8     -9.295          0
       6.9     8.0047          1
      -8.3    -9.0512          0
       8.3     2.1766          0
       5.3     9.5516          1
       1.4     4.5061          1
       0.7     6.3108          1
         5     7.6342          1
       9.9     1.8163          0
      -7.6    -11.327          0
      -4.1    -11.513          0
      -8.2   -0.12757          1
        -4     2.1579          1
      -8.6    -10.453          0
       8.3     11.436          1
       3.2     8.7831          1
       5.5     7.1549          1
       4.6     9.6254          1
       2.1     12.423          1
        -7    0.47205          1
       2.6    -1.6589          0
      -4.9      -9.38          0
      -2.7     1.7671          1
      -4.2    -7.7502          0
      -2.8    -7.8058          0
         7     11.291          1
       8.9     12.579          1
       6.5      9.768          1
         1     7.2098          1
      -3.2    -6.4301          0
       9.7     3.2984          0
        -8    -1.5777          1
       7.8      12.17          1
      -4.9     2.3211          1
      -1.2    -6.7547          0
      -7.3    -12.672          0
       3.5     6.9343          1
      -6.8    -14.604          0
      -6.4    -8.8716          0
      -0.6     3.4929          1
      -3.3    -10.138          0
      -9.3    -14.279          0
       7.3     1.9071          0
       0.6     3.9927          1
       8.2    0.30968          0
       3.1    -3.5966          0
       9.3    0.66627          0
      -6.8    0.25441          1
      -6.2      -9.65          0
      -0.5      5.166          1
       5.1    -1.1682          0
      -9.2    -3.8635          1
      -5.6    0.50451          1
      -0.5    -3.4495          0
      -8.4     -2.323          1
       0.4     5.6331          1
      -0.9    -4.6274          0
       1.2     2.9206          1
      -4.6     -7.648          0
       9.3     16.234          1
       3.9     -1.841          0
       3.7   -0.65932          0
       3.3    -1.4304          0
      -7.2    -13.029          0
       0.4    -5.2626          0
       2.1    -2.6251          0
      -7.7    -12.604          0
       7.2     12.518          1
       1.5    -4.8312          0
      -4.5     1.7333          1
       0.5     5.2512          1
       6.6    0.39666          0
      -1.1      6.458          1
       0.3     3.9642          1
       9.6     2.5338          0
      -9.5    -13.682          0
       5.1     8.9026          1
       2.3    -2.4909          0
        -4    -8.7757          0
-3.5527e-14    -2.8512          0
       9.1      3.228          0
      -3.5    0.48865          1
       8.6     14.314          1
       2.3      3.185          1
      -2.9      1.575          1
       2.6       9.51          1
      -8.5   -0.93109          1
      -9.3   -0.61546          1
      -8.8     -2.184          1
       0.1     6.1717          1
      -6.7    -1.2501          1
      -1.5     3.6173          1
      -9.2    -13.857          0
        -1    -5.0435          0
       7.9     15.605          1
      -5.9    -7.9986          0
      -6.7    -9.8165          0
      -6.9     -6.047          0
      -7.9    -11.214          0
       4.6     1.7663          0
       1.8     1.0683          0
       1.2    -5.7692          0
       3.2    -4.5625          0
      -3.4    -8.8037          0
       2.5     7.8914          1
      -5.6    -6.4848          0
       4.7    -2.2687          0
      -0.6    -8.6652          0
      -5.8    -12.806          0
       5.9     14.365          1
       -10    -4.6294          1
      -3.6    -11.475          0
       6.4   0.030924          0
      -6.3    -11.287          0
       1.8     6.9551          1
       8.1     10.831          1
       -10    -13.271          0
      -5.5     -9.746          0
       0.9     4.5074          1
      -7.4     1.5456          1
        -8    -12.624          0
       4.4     11.288          1
      -4.4     2.3966          1
      -7.9     3.0427          1
      -8.7    -4.0225          1
       9.5     5.4633          0
       1.7    -5.4435          0
      -6.1    -8.5716          0
       8.8     9.5171          1
       2.8   -0.84808          0
       4.7     12.414          1
         9     3.5274          0
      -4.7    -8.6628          0
      -7.5    -11.062          0
       2.2     6.8534          1
         8      12.55          1
      -2.7     -6.902          0
         9     15.137          1
       7.6     1.4336          0
       4.8   -0.11203          0
       4.1    -2.3908          0
      -2.9    -5.6165          0
      -9.4   -0.82119          1
      -0.4     2.4893          1
       1.9     3.7326          1
      -1.4     4.0102          1
      -8.5    -12.478          0
       4.3    -5.6279          0
       1.4    -4.4609          0
       7.3     10.194          1
      -7.6   -0.58814          1
      -5.2    -10.434          0
      -5.3    -8.8863          0
      -2.3     5.8077          1
      -0.1    -9.4107          0
      -7.2     1.6087          1
      -0.4    -4.5961          0
      -5.5     1.8906          1
       7.5     11.247          1
      -5.7    -6.0723          0
       1.5     4.2806          1
        -3    -8.4585          0
       4.1     8.1995          1
       0.8    -5.7306          0
      -9.7    0.50266          1
       7.1    -3.3488          0
      -6.1    0.28322          1
       9.6     11.814          1
       5.5  -0.091531          0
       0.5     0.1578          0
       9.4     15.049          1
       7.4     12.085          1
         1    -4.8513          0
       2.4     7.9097          1
        -2     6.2694          1
       3.1     3.9937          1
      -1.9    -6.5679          0
       0.6    -1.1546          0
      -8.4    -11.335          0
       4.3     8.9975          1
       3.4     9.6047          1
      -2.5    -3.9437          0
      -0.8     7.9763          1
      -4.6    -2.8426          1
       8.1     1.6349          0
        -3   -0.30657          1
       0.1    -4.2108          0
      -3.7    -7.1719          0
      -5.7    0.16137          1
       8.7     10.941          1
       4.8     8.7223          1
       6.3    -2.5962          0
       5.3    -4.8538          0
      -9.4     -11.12          0
       9.5     13.443          1
       2.9     9.7813          1
       9.7      12.53          1
      -3.5    -7.5394          0
       1.1     2.8249          1
      -5.4   -0.19399          1
       6.7    0.94524          0
       8.7    0.89967          0
         6      11.81          1
      -2.4     5.1341          1
      -1.7     4.2207          1
       6.8     9.6906          1
      -1.6     3.7959          1
      -1.1    -5.1759          0
      -8.2    -12.534          0
      -3.9    -8.1698          0
      -1.3    0.98996          1
      -3.1   0.016285          1
      -1.8    -4.8243          0
       8.4     2.8345          0
       5.8     2.5724          0
      -6.5   -0.70412          1
       7.6      10.35          1
        -6     -10.08          0
       2.9    -6.0901          0
       0.2     3.1163          1
       9.4   -0.20964          0
      -9.1    -13.507          0
      -0.3     3.8723          1
       7.8   -0.24845          0
         3    -2.9617          0
         7     3.0838          0
       0.8     7.1168          1
      -4.5      -6.01          0
      -2.8    0.92593          1
       0.2    -6.9463          0
      -8.3   -0.67088          1
       1.3    -5.1183          0
      -4.1     5.4481          1
       6.1     1.3106          0
      -6.2     -2.821          1
       0.3    -3.9738          0
         2     5.8127          1
       2.2    -3.9486          0
      -3.7    0.64817          1
       3.9     7.8873          1
       7.7     9.9437          1
      -0.3    -5.6267          0
      -5.8    0.49785          1
      -1.4    -3.5206          0
       6.9     1.6941          0
      -0.7      2.494          1
       4.5    0.17109          0
       8.4     8.9303          1
       6.2    -1.2164          0
       6.1     7.2704          1
        -5    0.72549          1
       6.3     8.6583          1
        -5    -6.8993          0
      -3.2     2.2763          1
      -3.8    0.57751          1
         2    -5.3896          0
       3.7     8.1342          1
      -8.1    -2.6298          1
       9.2   -0.19849          0
         8     3.4708          0
       8.5     2.5417          0
      -1.9    0.74244          1
       8.5     11.948          1
      -4.3    -7.2845          0
      -6.6    -9.2647          0
      -2.6    -8.9827          0
       8.6    -1.2387          0
       3.6     9.1544          1
      -4.8     1.5059          1
      -9.8    -16.302          0
      -3.3    0.79741          1
